name: venv
channels:
  - defaults
dependencies:
  - blas=1.0=mkl
  - bottleneck=1.4.2=py39hc99e966_0
  - bzip2=1.0.8=h2bbff1b_6
  - ca-certificates=2025.9.9=haa95532_0
  - expat=2.7.1=h8ddb27b_0
  - icc_rt=2022.1.0=h6049295_2
  - intel-openmp=2023.1.0=h59b6b97_46320
  - joblib=1.5.2=py39haa95532_0
  - libffi=3.4.4=hd77b12b_1
  - libzlib=1.3.1=h02ab6af_0
  - mkl=2023.1.0=h6b88ed4_46358
  - mkl-service=2.4.0=py39h827c3e9_2
  - mkl_fft=1.3.11=py39h827c3e9_0
  - mkl_random=1.2.8=py39hc64d2fc_0
  - numexpr=2.10.1=py39h4cd664f_0
  - numpy=1.26.4=py39h055cbcc_0
  - numpy-base=1.26.4=py39h65a83cf_0
  - openssl=3.0.17=h35632f6_0
  - pandas=2.3.2=py39ha5e6156_0
  - pip=25.2=pyhc872135_0
  - pybind11-abi=5=hd3eb1b0_0
  - python=3.9.23=h716150d_0
  - python-dateutil=2.9.0post0=py39haa95532_2
  - python-tzdata=2025.2=pyhd3eb1b0_0
  - pytz=2025.2=py39haa95532_0
  - scikit-learn=1.5.1=py39hc64d2fc_0
  - scipy=1.13.1=py39h8640f81_1
  - setuptools=78.1.1=py39haa95532_0
  - six=1.17.0=py39haa95532_0
  - sqlite=3.50.2=hda9a48d_1
  - tbb=2021.8.0=h59b6b97_0
  - threadpoolctl=3.5.0=py39h9909e9c_0
  - tk=8.6.15=hf199647_0
  - tzdata=2025b=h04d1e81_0
  - ucrt=10.0.22621.0=haa95532_0
  - vc=14.3=h2df5915_10
  - vc14_runtime=14.44.35208=h4927774_10
  - vs2015_runtime=14.44.35208=ha6b5a95_10
  - wheel=0.45.1=py39haa95532_0
  - xz=5.6.4=h4754444_1
  - zlib=1.3.1=h02ab6af_0
prefix: D:\Applications\miniconda3\envs\venv
